B20030122 张守慧 1 1 1 1 1 1 1 1 1 0 0 0 1 1 1 0
B20030121 张宇宸 1 1 1 1 1 1 1 1 1 0 1 0 0 0 1 0
B20030120 张延恒 1 1 1 1 1 1 1 1 1 0 1 0 0 0 1 0
B20030119 汪宇翔 1 1 1 1 1 1 1 1 1 1 0 0 0 1 1 0
B20030123 张棕浩 1 1 1 1 1 1 1 1 1 0 0 0 1 0 1 0
B20030101 孙盈 1 1 1 1 1 1 1 1 1 0 0 1 0 0 1 0
B20030102 李敏 1 1 1 1 1 1 1 1 1 0 1 0 0 0 1 0
B20030103 张英学 1 1 1 1 1 1 1 1 1 0 0 0 1 0 1 0
B20030104 张建英 1 1 1 1 1 1 1 1 1 0 0 0 1 0 1 0
B20030105 陈欣怡 1 1 1 1 1 1 1 1 1 0 0 1 0 0 1 0
B20030106 胡梦妃 1 1 1 1 1 1 1 1 1 0 1 0 0 0 1 0
B20030107 贺思雨 1 1 1 1 1 1 1 1 1 1 0 0 0 0 1 0
B20030108 耿丹丹 1 1 1 1 1 1 1 1 1 0 1 0 0 0 0 1
B20030109 王彦智 1 1 1 1 1 1 1 1 1 0 0 1 0 0 0 1
B20030110 卞子睿 1 1 1 1 1 1 1 1 1 0 0 0 1 0 0 1
B20030201 王纯洁 1 1 1 1 1 1 1 1 1 0 0 1 0 1 0 1
B20030203 朱玲玲 1 1 1 1 1 1 1 1 1 1 0 0 0 1 0 1
B20030202 王洁 1 1 1 1 1 1 1 1 1 0 1 0 0 1 0 1
B20030204 安琪儿 1 1 1 1 1 1 1 1 1 0 0 1 0 0 0 1
B20030206 陆安安 1 1 1 1 1 1 1 1 1 1 0 0 0 0 0 1
B20030207 周小亭 1 1 1 1 1 1 1 1 1 1 0 0 0 0 0 1